           0
           5
           8
          11
          14
          16
          18
          21
          24
          27
          30
          34
          36
          38
          41
          44
          49
          54
          57
          60
          63
          66
          69
          72
          75
          81
          84
          87
          90
          93
          98
         103
         108
         111
         114
         117
         120
         125
         130
         133
         136
         139
         142
         147
         152
         155
         158
         164
         170
         173
         176
         179
         182
         187
         192
         195
         198
         202
         206
         209
         212
         214
         216
         218
         220
         223
         226
         231
         236
         239
         242
         245
         248
         251
         254
         256
         258
         263
         268
         271
         274
         277
         280
         285
         290
         295
         300
         303
         306
         309
         312
         316
         320
         324
         328
         333
         338
         341
         344
         349
         354
         361
         368
         371
         374
         377
         380
         385
         390
         396
         402
         406
         411
         413
         415
         416
         417
         422
         427
         431
         433
         435
         438
         441
         444
         447
         450
         454
         458
         461
         464
         466
         468
         472
         476
         480
         484
         489
         494
         497
         500
         503
         506
         513
         520
         523
         526
         529
         532
         537
         542
         549
         556
         559
         562
         565
         568
         571
         574
         579
         584
         590
         596
         599
         604
         609
         612
         615
         618
         622
         626
         630
         634
         637
         640
         643
         646
         648
         650
         656
         662
         665
         668
         671
         674
         677
         680
         683
         686
         689
         694
         699
         702
         705
         708
         713
         718
         721
         724
         729
         734
         736
         738
         743
         748
         751
         754
         757
         760
         766
         772
         777
         782
         785
         788
         791
         794
         797
         800
         805
         809
         813
         816
         819
         822
         825
         830
         835
         838
         841
         848
         853
         858
         865
         868
         871
         876
         881
         884
         887
         890
         893
         898
         903
         906
         909
         914
         917
         920
         925
         930
         936
         942
         945
         948
         951
         954
         957
         960
         963
         966
         971
         976
         981
         986
         989
         992
         995
         998
        1001
        1004
        1009
        1014
        1020
        1023
        1026
        1027
        1030
        1033
        1036
        1039
        1044
        1049
        1052
        1055
        1061
        1067
        1074
        1081
        1086
        1091
        1096
        1101
        1104
        1107
        1110
        1113
        1118
        1123
        1126
        1129
        1132
        1135
        1138
        1143
        1148
        1151
        1156
        1163
        1170
        1175
        1179
        1183
        1187
        1191
        1193
        1195
        1199
        1203
        1206
        1209
        1211
        1213
        1217
        1221
        1227
        1232
        1237
        1243
        1246
        1249
        1251
        1254
        1259
        1264
        1267
        1269
        1271
        1274
        1277
        1279
        1282
        1285
        1289
        1294
        1299
        1303
        1305
        1307
        1308
        1309
        1312
        1315
        1322
        1328
        1334
        1337
        1340
        1345
        1350
        1355
        1360
        1363
        1366
        1369
        1374
        1379
        1382
        1386
        1390
        1393
        1396
        1400
        1404
        1411
        1418
        1421
        1424
        1427
        1430
        1435
        1440
